[[-41,13,-48,][50,-44,34,][-31,-2,-3,]]
[[47,-38,-35,][-4,32,33,][9,-44,12,]]
[[-15,-8,10,][22,20,41,][-43,-42,28,]]
[[-9,41,20,][23,8,9,][-6,-36,-13,]]
[[6,-50,32,][37,0,31,][-1,-23,-44,]]
[[-43,-8,10,][37,-4,-10,][-20,42,-23,]]
[[-43,-47,50,][12,2,9,][-41,-5,16,]]
[[-7,-28,39,][40,-46,-14,][-15,-23,0,]]
[[22,10,-24,][46,30,9,][-1,21,-10,]]
[[-35,35,-14,][12,38,2,][48,9,10,]]
[[-22,-48,9,][1,30,28,][11,48,-46,]]
[[-25,33,-11,][20,25,-27,][25,-46,-7,]]
[[31,40,-50,][-6,19,1,][-3,-40,28,]]
[[1,24,44,][-49,-32,-6,][0,-2,-15,]]
[[-33,-39,8,][-29,50,-50,][-36,-8,6,]]
[[-19,-38,46,][-29,-19,-21,][17,45,3,]]
[[-13,28,24,][-33,-30,28,][17,1,-28,]]
[[7,37,-12,][30,-23,27,][-4,34,42,]]
[[33,-14,-9,][26,36,-10,][41,33,35,]]
[[44,-6,1,][29,-41,-6,][-2,24,-26,]]
[[2,-31,47,][38,38,30,][-44,-21,11,]]
[[4,-16,-5,][25,-8,3,][2,27,-7,]]
[[-37,-17,-12,][-5,-13,-35,][-39,-3,11,]]
[[32,24,-13,][0,-26,2,][34,-19,39,]]
[[0,-12,-24,][9,-7,-10,][12,35,31,]]
[[-37,-5,10,][-3,3,-49,][5,-9,-46,]]
[[26,-38,-31,][29,36,25,][7,48,42,]]
[[6,17,50,][50,16,-3,][-47,-41,-30,]]
[[2,-28,0,][-9,50,-12,][14,-36,-42,]]
[[-20,-42,-45,][-48,50,-47,][49,4,-25,]]
[[-24,1,17,][-25,-13,-10,][-37,20,14,]]
[[27,34,-4,][-4,-36,-2,][43,-32,6,]]
[[-45,14,36,][-16,-17,-27,][21,47,-42,]]
[[39,-1,25,][26,31,-48,][-40,23,-2,]]
[[37,-44,-28,][-9,-14,2,][-30,-11,-42,]]
[[48,-24,20,][30,16,-11,][-3,21,-33,]]
[[-35,-37,-20,][-10,-7,43,][29,35,-21,]]
[[-40,-24,-21,][-11,17,42,][43,21,34,]]
[[46,-37,-21,][-10,25,13,][29,-13,21,]]
[[-30,38,-8,][-21,-24,-9,][-3,-6,-12,]]
[[-23,11,-3,][4,5,28,][-18,31,19,]]
[[-20,-10,-4,][10,37,-21,][40,-22,-9,]]
[[-23,-31,-33,][-46,-31,44,][-42,-22,4,]]
[[-8,36,-36,][-27,27,7,][-22,-14,-14,]]
[[13,33,-16,][19,14,20,][-21,-26,-29,]]
[[31,29,21,][-23,23,34,][-27,20,21,]]
[[21,17,9,][50,32,10,][-10,0,-17,]]
[[-27,-24,29,][-40,42,6,][10,-45,41,]]
[[19,35,-40,][-2,36,41,][-47,49,-16,]]
[[-37,-48,28,][34,-23,7,][-44,46,21,]]
[[-39,39,-15,][31,-30,38,][-17,24,-18,]]
[[24,-28,-4,][-6,48,8,][-17,27,41,]]
[[-13,19,-8,][12,3,40,][10,37,8,]]
[[0,-34,4,][33,-31,-22,][-8,-9,-46,]]
[[13,43,35,][17,41,-9,][-13,25,21,]]
[[-18,-33,47,][-5,13,28,][41,-44,-38,]]
[[-18,-47,24,][-32,24,20,][-13,-41,0,]]
[[38,-36,-5,][-16,-33,43,][-30,-10,-42,]]
[[1,1,-46,][7,37,16,][-41,10,-35,]]
[[25,-21,-16,][37,19,44,][47,-2,-10,]]
[[2,-45,-46,][-13,40,-20,][2,24,-14,]]
[[46,38,43,][8,6,50,][-11,-26,23,]]
[[9,14,-24,][-3,2,42,][37,41,46,]]
[[-13,-35,11,][-9,12,24,][-27,-31,2,]]
[[19,25,15,][-47,45,-30,][-48,-29,30,]]
[[31,-38,8,][-42,-12,-35,][-28,4,46,]]
[[8,26,7,][-36,41,-8,][-43,-29,45,]]
[[21,45,49,][29,24,-29,][-48,-17,-6,]]
[[-38,39,-35,][-13,-15,-7,][29,-18,40,]]
[[-48,45,-43,][29,1,23,][-20,-5,-1,]]
[[27,-12,-6,][42,29,-50,][-50,-45,-19,]]
[[48,-21,-31,][43,39,-42,][-46,0,-12,]]
[[38,40,50,][-3,24,13,][29,-7,3,]]
[[34,-48,-45,][15,-5,-42,][-13,37,-3,]]
[[14,37,18,][25,42,28,][-46,13,-12,]]
[[42,28,2,][-31,-6,-40,][37,-46,-37,]]
[[-4,42,50,][24,-9,0,][-13,-3,-45,]]
[[27,14,15,][11,-50,31,][14,33,-31,]]
[[-32,8,-41,][-11,24,24,][32,15,-4,]]
[[8,44,-24,][14,-5,-32,][32,26,-28,]]
[[49,-43,15,][-37,-49,-25,][-24,46,-43,]]
[[26,38,-29,][29,28,14,][-22,1,-40,]]
[[24,5,-16,][-37,-43,43,][17,-24,40,]]
[[48,-16,-22,][31,-32,32,][-34,30,-9,]]
[[17,-13,-14,][-23,-19,-39,][-13,-45,50,]]
[[50,19,20,][21,7,25,][17,-24,31,]]
[[7,14,-46,][8,-11,50,][-15,1,47,]]
[[-12,-42,-16,][-37,9,20,][-50,-41,0,]]
[[28,-36,31,][25,6,9,][8,-6,21,]]
[[5,31,44,][42,-10,-20,][1,27,41,]]
[[-18,49,24,][-14,-49,-33,][10,27,-30,]]
[[-40,20,5,][16,-36,5,][-24,50,-46,]]
[[17,-27,-18,][-31,-1,-15,][8,-41,34,]]
[[-21,26,-31,][-30,-34,-14,][-23,40,-22,]]
[[-12,34,-49,][36,-44,-29,][11,-27,12,]]
[[-48,47,-48,][19,7,-46,][28,3,-35,]]
[[-47,-41,31,][-31,-7,-19,][-38,33,-41,]]
[[-25,20,44,][-23,50,49,][40,-33,25,]]
[[43,4,15,][-31,-39,13,][-48,3,1,]]
[[-6,-36,15,][34,26,49,][28,4,35,]]
[[-2,25,-17,][0,-11,-22,][37,-17,-3,]]
[[-32,-7,-4,][-33,46,43,][-28,-20,23,]]
[[48,-43,-29,][4,-37,-31,][-10,-14,-17,]]
[[6,14,-33,][16,22,-34,][-35,49,41,]]
[[15,14,4,][18,-12,34,][-2,-6,-1,]]
[[-12,23,-35,][0,-37,18,][29,-5,34,]]
[[17,-48,24,][-19,-2,37,][45,-48,-3,]]
[[-18,-29,38,][-37,-17,-6,][-12,0,-23,]]
[[-16,24,-25,][37,-10,24,][-15,36,35,]]
[[16,-24,-47,][-40,34,16,][0,35,-21,]]
[[26,26,-32,][-15,32,34,][-22,-12,11,]]
[[15,-38,29,][48,-17,-1,][38,-26,25,]]
[[-48,2,-29,][49,41,26,][33,-50,-5,]]
[[-27,-9,-45,][29,28,10,][29,5,-6,]]
[[44,27,22,][28,41,24,][43,-5,-5,]]
[[-10,41,-22,][1,43,-40,][-37,13,44,]]
[[-3,-33,28,][-37,-47,-19,][-6,26,28,]]
[[-20,38,-12,][29,48,5,][-35,-46,34,]]
[[-9,-42,-14,][-41,27,27,][13,16,-50,]]
[[13,-31,-45,][16,26,47,][-10,0,49,]]
[[17,-22,-5,][29,13,-24,][-16,21,-40,]]
[[48,19,20,][50,-28,23,][-20,-8,-26,]]
[[-12,18,1,][-50,-26,-5,][10,10,-2,]]
[[-15,43,-38,][44,16,26,][-47,-48,-29,]]
[[-35,-7,6,][-13,45,15,][8,-8,-22,]]
[[27,-23,13,][6,33,16,][-29,-13,50,]]
[[-18,13,36,][-35,33,11,][-41,-32,-16,]]
[[13,49,6,][-5,6,26,][4,-50,18,]]
[[-28,16,20,][18,-12,-35,][-32,31,33,]]
[[-36,4,26,][1,32,35,][-34,-36,49,]]
[[-23,7,-10,][-26,26,-18,][-8,42,-49,]]
[[27,47,-42,][-12,10,15,][-14,-36,36,]]
[[-11,16,-18,][23,26,22,][13,7,-29,]]
[[2,-4,-8,][43,-27,42,][3,17,-32,]]
[[-6,-19,-6,][29,-26,37,][-40,23,49,]]
[[-49,6,11,][-19,38,8,][-37,-27,33,]]
[[33,-25,45,][-20,41,-10,][48,-23,-49,]]
[[-20,-10,2,][-45,-46,-23,][19,-15,-9,]]
[[-39,-42,0,][21,-25,-18,][43,-20,-29,]]
[[-32,30,34,][8,-20,-43,][-48,-42,50,]]
[[-50,16,45,][14,38,35,][-35,34,-18,]]
[[12,-43,50,][-17,42,-2,][38,-40,-9,]]
[[12,-34,20,][-41,46,-9,][-43,-45,-38,]]
[[-38,-3,9,][-28,23,27,][38,-17,11,]]
[[-38,-27,-47,][31,47,49,][-12,-8,-32,]]
[[-44,8,25,][15,-12,-49,][1,-23,-20,]]
[[-5,-33,-32,][-24,42,-21,][-29,-34,-26,]]
[[37,-27,35,][-44,31,-21,][-43,0,-5,]]
[[-22,-39,-15,][-3,-6,48,][41,-46,15,]]
[[26,25,9,][-45,38,28,][-4,-11,17,]]
[[-11,30,-11,][-39,42,0,][24,34,31,]]
[[-28,21,-12,][-18,21,24,][23,46,0,]]
[[-32,-33,-34,][33,1,25,][-43,-8,23,]]
[[12,-35,-46,][1,-38,46,][-42,-32,-2,]]
[[19,8,50,][43,40,-6,][26,38,-2,]]
[[42,-48,-2,][45,37,28,][-31,1,-12,]]
[[17,7,35,][21,0,-45,][48,-25,50,]]
[[26,-3,-20,][-48,-20,-6,][-12,3,-18,]]
[[-22,-14,-49,][41,23,35,][23,1,-24,]]
[[-14,43,-39,][26,-14,-46,][-37,-25,42,]]
[[47,-7,-49,][30,19,-39,][48,8,-31,]]
[[49,23,-46,][13,-2,-37,][29,-18,10,]]
[[19,-32,39,][32,24,-16,][21,-9,-16,]]
[[50,-48,-30,][-11,-23,26,][22,-50,-30,]]
[[-27,-23,22,][-34,-48,34,][-41,-7,-11,]]
[[-22,-11,-50,][-50,-44,33,][1,5,-19,]]
[[30,-11,-47,][-15,-46,2,][-17,50,-48,]]
[[-18,28,34,][-3,-25,-18,][25,-10,-29,]]
[[39,2,-6,][-1,-16,-38,][3,-23,-10,]]
[[44,-11,3,][-2,-16,-41,][9,39,-30,]]
